1 50
1 2 11 -1
2 1 3 -1
3 2 13 -1
4 5 14 -1
5 4 6 -1
6 5 16 -1
7 8 17 -1
8 7 9 -1
9 8 10 -1
10 9 20 -1
11 1 21 -1
12 13 -1
13 3 12 -1
14 4 15 -1
15 14 25 -1
16 6 17 -1
17 7 16 27 -1
18 28 -1
19 20 29 -1
20 10 19 -1
21 11 22 -1
22 21 32 -1
23 24 33 -1
24 23 -1
25 15 26 35 -1
26 25 36 -1
27 17 28 -1
28 18 27 -1
29 19 39 -1
30 40 -1
31 32 41 -1
32 22 31 33 -1
33 23 32 -1
34 35 44 -1
35 25 34 45 -1
36 26 37 -1
37 36 -1
38 39 48 -1
39 29 38 40 -1
40 30 39 -1
41 31 42 -1
42 41 43 -1
43 42 44 -1
44 34 43 -1
45 35 46 -1
46 45 -1
47 48 -1
48 38 47 49 -1
49 48 50 -1
50 49 -1
